HAC0              20 13 31.90 -13 23 25.98  2000.0
HAC1              20 16 10.15 -09 25 35.58  2000.0 
HAC2              20 19 35.71 -14 48 41.33  2000.0  
HAC3              20 21 40.64 -14 13 17.90  2000.0  
HAC4              20 26 52.21 -02 56 44.88  2000.0 
HAC5              20 27 04.43 -12 17 03.88  2000.0 
HAC6              20 28 32.65 -05 55 30.25  2000.0  
HAC7              20 29 56.12 -09 00 15.44  2000.0  
HAC8              20 30 11.61 -11 49 40.40  2000.0  
HAC9              20 30 49.06 -05 30 30.78  2000.0  
HAC10             20 31 19.86 -13 12 54.25  2000.0  
HAC11             20 31 28.32 -09 48 20.05  2000.0  
HAC12             20 32 35.70 -02 08 08.84  2000.0  
HAC13             20 32 52.87 -08 10 54.19  2000.0  
HAC14             20 34 35.62 -07 32 51.25  2000.0  
HAC15             20 34 42.39 -05 22 18.98  2000.0  
HAC16             20 36 14.36 -00 30 18.76  2000.0  
HAC17             20 37 29.72 -05 21 20.88  2000.0  
HAC18             20 37 58.26 -06 18 41.72  2000.0  
HAC19             20 38 36.28 -16 37 14.30  2000.0  
HAC20             20 40 05.45 -10 43 15.56  2000.0 
HAC21             20 40 16.96 -06 21 06.19  2000.0 
HAC22             20 40 19.42 -06 09 39.56  2000.0 
HAC23             20 41 08.21 -11 31 43.43  2000.0 
HAC24             20 41 34.06 -11 14 48.73  2000.0 
HAC25             20 41 51.26 -07 44 25.80  2000.0  
HAC26             20 42 18.28 -09 40 12.86  2000.0  
HAC27             20 42 44.27 -15 52 20.39  2000.0  
HAC28             20 43 55.65 -12 24 32.15  2000.0  
HAC29             20 44 36.43 -11 00 28.58  2000.0  
HAC30             20 45 25.67 -10 48 09.76  2000.0  
HAC31             20 46 06.51 -00 08 02.62  2000.0  
HAC32             20 46 11.12 -00 02 33.32  2000.0  
HAC33             20 46 15.35 -02 29 35.88  2000.0  
HAC34             20 46 38.24 -09 22 30.29  2000.0  
HAC35             20 46 44.22 -06 32 44.45  2000.0  
HAC36             20 47 06.41 -01 50 31.92  2000.0  
HAC37             20 47 13.24 -11 02 09.38  2000.0  
HAC38             20 47 47.15 -14 03 13.61  2000.0  
HAC39             20 47 54.15 -14 21 10.84  2000.0  
HAC40             20 48 21.04 -08 36 33.26  2000.0  
HAC41             20 48 25.13 +08 19 47.17  2000.0  
HAC42             20 48 25.77 -03 50 20.90  2000.0  
HAC43             20 48 34.37 -11 07 34.14  2000.0  
HAC44             20 49 20.12 -01 04 43.46  2000.0  
HAC45             20 49 29.55 +02 18 17.42  2000.0  
HAC46             20 50 01.87 +01 12 49.43  2000.0  
HAC47             20 50 04.26 -08 24 32.40  2000.0  
HAC48             20 51 21.80 +07 11 23.35  2000.0  
HAC49             20 51 31.75 -15 10 07.90  2000.0  
HAC50             20 52 13.93 -11 06 47.99  2000.0  
HAC51             20 52 25.31 +06 15 00.47  2000.0  
HAC52             20 52 42.24 -01 09 53.06  2000.0  
HAC53             20 53 21.12 -12 30 22.07  2000.0  
HAC54             20 53 33.94 -01 28 07.25  2000.0  
HAC55             20 53 34.19 -01 19 14.84  2000.0  
HAC56             20 53 40.98 -12 28 16.72  2000.0  
HAC57             20 53 41.49 -12 41 36.38  2000.0  
HAC58             20 53 42.60 -12 36 06.26  2000.0  
HAC59             20 53 43.53 -12 31 51.60  2000.0  
HAC60             20 53 48.09 -04 39 26.68  2000.0  
HAC61             20 53 48.83 -12 36 44.82  2000.0  
HAC62             20 54 26.33 -13 52 15.71  2000.0  
HAC63             20 54 46.08 +00 17 55.82  2000.0  
HAC64             20 55 12.78 -13 37 25.93  2000.0  
HAC65             20 55 21.18 -01 10 45.95  2000.0  
HAC66             20 55 41.20 -12 19 20.32  2000.0  
HAC67             20 57 24.34 -06 39 35.50  2000.0  
HAC68             20 57 44.04 -01 19 37.42  2000.0  
HAC69             20 58 07.54 -15 07 50.34  2000.0  
HAC70             20 58 20.81 -09 26 45.35  2000.0  
HAC71             20 58 21.83 -02 53 36.71  2000.0  
HAC72             20 58 24.02 +01 16 51.60  2000.0  
HAC73             20 58 25.07 -16 30 43.31  2000.0  
HAC74             20 58 28.74 +00 21 12.20  2000.0  
HAC75             20 58 49.06 -18 52 04.33  2000.0  
HAC76             20 59 23.63 -12 33 15.84  2000.0  
HAC77             20 59 28.60 -10 11 47.65  2000.0  
HAC78             20 59 45.39 -16 43 22.15  2000.0  
HAC79             21 00 02.32 -12 04 24.85  2000.0  
HAC80             21 00 08.70 +00 27 02.09  2000.0  
HAC81             21 00 21.28 -14 51 09.86  2000.0  
HAC82             21 00 42.12 +03 04 36.23  2000.0  
HAC83             21 00 59.90 +00 39 54.79  2000.0  
HAC84             21 01 10.58 -11 41 53.63  2000.0  
HAC85             21 01 11.05 -12 33 03.64  2000.0  
HAC86             21 01 28.37 -18 39 19.08  2000.0  
HAC87             21 01 30.26 -11 11 14.71  2000.0  
HAC88             21 01 54.01 +06 05 45.49  2000.0  
HAC89             21 03 32.04 -02 03 53.42  2000.0  
HAC90             21 03 38.56 -11 49 49.55  2000.0  
HAC91             21 03 40.92 -13 01 06.85  2000.0  
HAC92             21 06 17.12 -09 05 29.22  2000.0  
HAC93             21 06 33.66 -12 12 57.46  2000.0  
HAC94             21 06 51.32 -00 48 33.41  2000.0  
HAC95             21 06 55.29 -05 02 05.17  2000.0  
HAC96             21 07 00.61 -00 39 52.16  2000.0  
HAC97             21 07 32.49 -02 01 53.65  2000.0  
HAC98             21 07 34.81 +01 25 06.46  2000.0  
HAC99             21 07 47.94 -16 44 21.30  2000.0  
HAC100            21 07 49.63 -15 03 37.84  2000.0  
HAC101            21 08 08.31 -11 06 14.26  2000.0  
HAC102            21 08 30.92 -13 29 02.83  2000.0  
HAC103            21 08 31.03 -13 29 02.94  2000.0  
HAC104            21 09 00.42 -04 53 33.76  2000.0  
HAC105            21 09 05.29 -04 34 44.22  2000.0  
HAC106            21 09 31.20 -18 32 39.62  2000.0  
HAC107            21 09 46.23 -14 47 34.84  2000.0 
HAC108            21 10 12.99 -13 45 45.04  2000.0  
HAC109            21 10 42.44 -11 04 54.62  2000.0  
HAC110            21 10 49.15 -06 41 16.62  2000.0  
HAC111            21 10 54.78 -00 09 29.52  2000.0  
HAC112            21 11 23.96 -09 01 48.61  2000.0  
HAC113            21 11 56.32 -08 32 40.49  2000.0  
HAC114            21 12 06.21 -06 10 07.03  2000.0  
HAC115            21 13 09.16 +03 31 49.66  2000.0  
HAC116            21 13 10.58 -10 09 27.83  2000.0  
HAC117            21 13 38.87 -04 39 30.92  2000.0  
HAC118            21 14 04.35 -12 54 56.66  2000.0  
HAC119            21 14 28.88 -15 28 32.99  2000.0  
HAC120            21 14 52.58 -16 05 32.28  2000.0  
HAC121            21 15 01.88 -01 56 38.26  2000.0  
HAC122            21 15 04.74 -13 50 46.43  2000.0  
HAC123            21 16 10.56 +03 17 36.46  2000.0  
HAC124            21 16 10.89 -06 58 10.74  2000.0  
HAC125            21 16 20.37 -07 26 40.45  2000.0  
HAC126            21 16 39.59 -05 03 46.69  2000.0  
HAC127            21 17 08.30 -12 45 02.09  2000.0  
HAC128            21 17 23.65 -04 18 14.80  2000.0  
HAC129            21 17 35.78 -08 51 40.10  2000.0  
HAC130            21 17 43.16 -08 53 16.26  2000.0  
HAC131            21 17 54.31 -00 16 56.28  2000.0  
HAC132            21 17 55.66 -12 48 05.44  2000.0  
HAC133            21 18 41.46 -12 29 42.07  2000.0  
HAC134            21 19 00.62 -06 14 40.31  2000.0  
HAC135            21 20 11.59 -14 51 13.75  2000.0  
HAC136            21 20 36.97 -13 57 05.29  2000.0  
HAC137            21 22 08.81 +00 16 43.93  2000.0  
HAC138            21 22 26.73 -12 15 26.89  2000.0  
HAC139            21 22 40.50 -10 55 46.52  2000.0  
HAC140            21 23 38.52 -04 44 57.77  2000.0  
HAC141            21 24 35.74 +00 31 26.69  2000.0  
HAC142            21 24 44.67 -19 34 15.24  2000.0  
HAC143            21 25 02.78 -00 11 41.57  2000.0  
HAC144            21 25 10.96 -02 45 46.91  2000.0  
HAC145            21 25 35.47 -08 17 09.42  2000.0  
HAC146            21 26 21.56 -06 45 46.04  2000.0  
HAC147            21 26 31.70 -07 13 15.74  2000.0  
HAC148            21 26 50.92 -12 19 18.26  2000.0  
HAC149            21 26 53.38 -18 56 39.80  2000.0  
HAC150            21 27 43.79 -01 11 50.10  2000.0  
HAC151            21 28 35.96 -16 47 42.61  2000.0  
HAC152            21 28 44.44 +01 25 22.69  2000.0  
HAC153            21 28 48.98 -13 39 55.51  2000.0  
HAC154            21 28 51.61 -16 12 56.12  2000.0  
HAC155            21 29 17.72 -04 59 18.02  2000.0  
HAC156            21 30 04.52 -09 33 54.29  2000.0  
HAC157            21 30 06.15 -10 44 53.34  2000.0  
HAC158            21 30 07.67 -05 58 47.03  2000.0  
HAC159            21 30 17.87 -15 47 35.30  2000.0  
HAC160            21 30 19.17 -11 56 49.24  2000.0  
HAC161            21 30 51.18 -16 38 51.00  2000.0  
HAC162            21 31 21.53 -03 09 23.40  2000.0  
HAC163            21 31 22.67 -10 08 07.73  2000.0  
HAC164            21 31 45.51 -03 31 10.52  2000.0 
HAC165            21 31 47.98 -18 25 54.55  2000.0 
HAC166            21 32 14.81 -12 10 56.64  2000.0  
HAC167            21 32 15.07 -05 33 28.73  2000.0  
HAC168            21 32 59.79 -12 46 43.21  2000.0  
HAC169            21 34 10.99 -02 09 59.62  2000.0  
HAC170            21 34 21.19 -03 21 48.02  2000.0  
HAC171            21 34 24.37 -06 25 42.60  2000.0  
HAC172            21 35 21.47 -12 27 05.22  2000.0  
HAC173            21 35 28.85 -13 20 32.53  2000.0  
HAC174            21 36 19.93 -09 29 02.00  2000.0  
HAC175            21 36 47.26 -16 36 48.38  2000.0  
HAC176            21 37 00.64 -05 10 48.22  2000.0  
HAC177            21 37 52.50 -02 15 04.03  2000.0  
HAC178            21 38 50.08 -14 25 04.87  2000.0  
HAC179            21 38 55.26 -12 19 54.41  2000.0  
HAC180            21 39 28.92 -13 35 19.93  2000.0 
HAC181            21 41 51.15 -08 25 36.91  2000.0  
HAC182            21 42 40.05 -09 19 37.24  2000.0  
HAC183            21 43 13.05 -12 46 50.84  2000.0  
HAC184            21 44 29.43 -07 29 16.08  2000.0  
HAC185            21 45 06.28 -12 43 20.32  2000.0  
HAC186            21 45 13.87 -08 22 02.64  2000.0  
HAC187            21 47 22.24 -02 41 56.58  2000.0  
HAC188            21 48 32.20 -11 20 20.76  2000.0  
HAC189            21 48 40.26 -03 27 41.72  2000.0  
HAC190            21 48 45.92 -10 06 12.35  2000.0  
HAC191            21 49 09.47 -05 05 58.67  2000.0  
HAC192            21 49 33.20 -10 50 22.38  2000.0  
HAC193            21 50 09.56 -10 18 00.61  2000.0 
HAC194            21 51 20.63 -03 51 08.10  2000.0  
HAC195            21 51 39.48 -11 14 17.56  2000.0  
HAC196            21 51 48.13 -10 50 48.66  2000.0  
HAC197            21 53 07.03 -05 25 50.77  2000.0  
HAC198            21 57 38.29 -04 36 19.80  2000.0 
