HAC0	303.38292	-13.39055	16.778	0.199	15.59	53525.09789	0.7137229	29.7535742967	-24.1507563936
HAC1	304.04228	-9.42655	17.093	0.145	18.31	53525.61209	0.5365308	33.9769240384	-23.0747819311
HAC2	304.89878	-14.81148	17.215	0.143	19.38	53563.88215	0.5817231	28.9680311093	-26.0676446956
HAC3	305.41933	-14.22164	16.995	0.12	17.66	53563.13962	0.5753905	29.7943857405	-26.2955290257
HAC4	306.71756	-2.94580	17.023	0.121	17.95	53705.77537	0.5470739	41.551727023	-22.5155202578
HAC5	306.76844	-12.28441	16.931	0.088	17.46	53563.48904	0.5630723	32.3684591304	-26.7088424779
HAC6	307.13605	-5.92507	16.793	0.1	16.12	53705.82463	0.4727618	38.8884155286	-24.269336868
HAC7	307.48382	-9.00429	17.268	0.142	19.9	53525.63764	0.5250523	36.0151537212	-25.9523882325
HAC8	307.54837	-11.82789	17.173	0.104	19.36	53563.45894	0.5450782	33.1892774647	-27.2137387485
HAC9	307.70441	-5.50855	16.657	0.094	15.34	53706.44223	0.5570484	39.5794961059	-24.5814075605
HAC10	307.83275	-13.21507	16.987	0.085	17.97	53563.47403	0.4953727	31.8906487327	-28.0368703837
HAC11	307.86799	-9.80557	16.741	0.129	15.66	53524.92049	0.5356668	35.3931399828	-26.6413986488
HAC12	308.14873	-2.13579	16.874	0.301	15.41	53705.92387	0.6985045	43.0654038909	-23.385891623
HAC13	308.22028	-8.18172	17.025	0.1	18.19	53706.21489	0.5981502	37.1942954875	-26.2449454432
HAC14	308.64841	-7.54757	16.848	0.108	16.59	53707.0999	0.5338572	38.0382641527	-26.3423827724
HAC15	308.67661	-5.37194	17.034	0.096	18.24	53706.38761	0.5761351	40.2054046785	-25.3773028565
HAC16	309.05984	-0.50521	17.119	0.275	17.5	53706.79177	0.5552372	45.1003228931	-23.387353538
HAC17	309.37383	-5.35580	17.112	0.111	18.74	53705.95515	0.5477897	40.5779414705	-25.9850943537
HAC18	309.49275	-6.31159	17.028	0.104	18.07	53706.61331	0.4641974	39.6927729494	-26.5304142918
HAC19	309.65116	-16.62064	17.101	0.118	18.48	53563.32759	0.5228233	29.0781618579	-30.9858460782
HAC20	310.02271	-10.72099	16.747	0.107	15.98	53553.13481	0.5531827	35.4847468408	-28.9493713425
HAC21	310.07065	-6.35172	16.619	0.082	15.29	53706.13841	0.6300836	39.9474728709	-27.0594027225
HAC22	310.08093	-6.16099	16.716	0.089	15.69	53706.84915	0.5845342	40.1429506819	-26.9809338249
HAC23	310.28421	-11.52873	16.968	0.089	17.77	53563.79212	0.6116156	34.7699790628	-29.523187905
HAC24	310.39192	-11.24687	17.102	0.092	18.85	53554.21062	0.5401061	35.1148559038	-29.5004730247
HAC25	310.46357	-7.74050	17.073	0.083	18.67	53705.70774	0.5546327	38.7511106226	-28.0369987651
HAC26	310.57618	-9.67024	16.662	0.09	15.37	53553.602	0.5306574	36.8368018288	-28.9893378664
HAC27	310.68446	-15.87233	16.733	0.088	15.99	53563.56166	0.6027615	30.3284290438	-31.6206156533
HAC28	310.98189	-12.40893	16.761	0.067	16.34	53563.90256	0.5518648	34.1732361704	-30.5098952877
HAC29	311.15181	-11.00794	17.126	0.105	18.73	53553.13739	0.4806759	35.7276506083	-30.0750839203
HAC30	311.35696	-10.80271	16.835	0.114	16.62	53552.78325	0.6383841	36.0414205556	-30.1701817172
HAC31	311.52711	-0.13406	17.1	0.132	18.22	53706.35765	0.4770942	46.8028854656	-25.3418317391
HAC32	311.54634	-0.04259	17.109	0.146	18.44	53706.22633	0.5821102	46.9010219079	-25.3123660816
HAC33	311.56394	-2.49330	16.937	0.126	17.24	53705.83806	0.575692	44.5449892221	-26.54405215
HAC34	311.65933	-9.37508	17.196	0.124	19.51	53553.58005	0.6848757	37.6765671335	-29.8218269262
HAC35	311.68423	-6.54568	17.082	0.115	18.52	53707.17517	0.8593989	40.5851823131	-28.5727852785
HAC36	311.77672	-1.84220	17.257	0.132	19.93	53706.31182	0.5713705	45.2953112429	-26.4096501738
HAC37	311.80518	-11.03594	16.703	0.108	15.31	53711.91976	0.4591657	36.0136616851	-30.6676907458
HAC38	311.94644	-14.05378	16.968	0.102	17.72	53564.22811	0.6122473	32.8588228397	-32.0347321296
HAC39	311.97564	-14.35301	16.955	0.108	17.44	53564.02696	0.5979481	32.5477647587	-32.1793568759
HAC40	312.08768	-8.60924	17.114	0.189	18.11	53712.44629	0.4758877	38.684123494	-29.8633661389
HAC41	312.10469	8.32977	17.25	0.157	19.55	53467.09016	0.5630925	54.9630325985	-21.355697981
HAC42	312.10736	-3.83914	16.778	0.1	16.24	53706.32026	0.6430781	43.5179424792	-27.6709569358
HAC43	312.14321	-11.12615	17.18	0.116	19.22	53712.83328	0.5132037	36.0824205631	-31.0063582536
HAC44	312.33385	-1.07874	16.991	0.148	17.46	53481.87132	0.4761866	46.3445101274	-26.5136816289
HAC45	312.37313	2.30484	16.9	0.221	16.17	53706.07623	0.4960743	49.5938539224	-24.81836323
HAC46	312.50780	1.21373	17.04	0.203	17.12	53706.21538	0.4773864	48.6401195766	-25.4991310255
HAC47	312.51776	-8.40900	17.033	0.182	17.5	53705.14863	0.4852572	39.1101717563	-30.1547467491
HAC48	312.84083	7.18982	17.053	0.156	17.84	53466.1803	0.5942731	54.3709193924	-22.5926295666
HAC49	312.88229	-15.16886	17.229	0.119	19.81	53562.96035	0.6329739	32.0627962593	-33.3053526302
HAC50	313.05805	-11.11333	17.084	0.125	18.42	53712.68539	0.5172348	36.5424981	-31.813694547
HAC51	313.10546	6.25013	16.95	0.171	16.88	53467.29837	0.5390124	53.6741886943	-23.3278376765
HAC52	313.17598	-1.16474	16.988	0.18	17.1	53481.21718	0.5268346	46.7345368567	-27.2852560313
HAC53	313.33800	-12.50613	16.69	0.112	15.53	53564.35907	0.5851153	35.1830265733	-32.6458895815
HAC54	313.39140	-1.46868	16.986	0.21	17.02	53481.60471	0.6118113	46.56016071	-27.6241029366
HAC55	313.39245	-1.32079	17.192	0.199	18.76	53482.51472	0.6029741	46.7050770125	-27.5507836914
HAC56	313.42073	-12.47131	17.12	0.116	18.99	53564.48873	0.7460549	35.2603147113	-32.7050863706
HAC57	313.42286	-12.69344	16.782	0.112	16.15	53563.06457	0.5961781	35.0206646205	-32.7984848509
HAC58	313.42751	-12.60174	16.664	0.111	15.21	53563.95422	0.6738722	35.1223006528	-32.7649010778
HAC59	313.43136	-12.53100	16.772	0.107	16.07	53563.79769	0.5437463	35.2007799972	-32.7391733701
HAC60	313.45038	-4.65741	16.914	0.198	16.21	53706.29025	0.457299	43.4322478113	-29.238650547
HAC61	313.45347	-12.61245	16.741	0.113	15.87	53563.89038	0.6032724	35.1230981112	-32.7923978242
HAC62	313.60971	-13.87103	17.14	0.07	19.43	53564.07873	0.6521179	33.8233374795	-33.4420923497
HAC63	313.69198	0.29884	16.728	0.151	15.46	53874.93071	0.5644813	48.44546231	-26.985250662
HAC64	313.80325	-13.62387	16.864	0.065	16.93	53563.46982	0.4758338	34.1851740264	-33.5151973159
HAC65	313.83826	-1.17943	16.968	0.223	16.82	53481.68646	0.6055948	47.096594851	-27.8646111759
HAC66	313.92165	-12.32231	17.134	0.122	18.92	53563.14906	0.6271794	35.6630012973	-33.0888002398
HAC67	314.35142	-6.65986	17.056	0.099	18.43	53705.50433	0.6149044	41.8810019037	-30.9744826676
HAC68	314.43350	-1.32706	16.912	0.202	16.59	53481.1446	0.6032906	47.293409399	-28.4526815364
HAC69	314.53143	-15.13065	16.92	0.088	17.46	53711.74484	0.6410889	32.8490958425	-34.7582100132
HAC70	314.58670	-9.44593	16.955	0.138	17.26	53712.40248	0.5765998	39.0867661339	-32.4464971159
HAC71	314.59096	-2.89353	16.993	0.15	17.4	53706.40797	0.4827254	45.8345582185	-29.3735054546
HAC72	314.60007	1.28100	17.063	0.165	17.88	53706.40715	0.5490065	49.9182911624	-27.250967384
HAC73	314.60445	-16.51203	16.931	0.115	17.29	53712.15126	0.6055329	31.3208914285	-35.3482675907
HAC74	314.61976	0.35339	16.911	0.15	16.9	53705.70085	0.7233864	49.0375751761	-27.7515578996
HAC75	314.70440	-18.86787	17.081	0.121	18.52	53563.35601	0.6229998	28.6525349305	-36.2851683082
HAC76	314.84845	-12.55440	16.937	0.082	17.54	53712.31877	0.5315663	35.8591117872	-34.0087246399
HAC77	314.86917	-10.19657	17.161	0.235	18.1	53705.92245	0.5374792	38.4301080783	-33.0260071716
HAC78	314.93914	-16.72282	17.238	0.139	19.6	53712.6092	0.515062	31.2268610091	-35.724344138
HAC79	315.00965	-12.07357	16.833	0.093	16.65	53712.41196	0.5625066	36.4654401874	-33.9520774424
HAC80	315.03626	0.45058	16.997	0.148	17.32	53481.46086	0.4661368	49.3764643946	-28.0568734173
HAC81	315.08865	-14.85274	17.131	0.082	19.19	53711.9745	0.5564737	33.4167939646	-35.1460842829
HAC82	315.17549	3.07673	16.982	0.196	17.02	53481.27994	0.6869717	51.968700481	-26.7833068212
HAC83	315.24958	0.66522	16.983	0.151	17.38	53482.58711	0.5899444	49.7102141195	-28.1267390806
HAC84	315.29410	-11.69823	16.613	0.088	15.28	53712.11734	0.6095264	37.0173405351	-34.0469938233
HAC85	315.29606	-12.55101	17.007	0.064	18.17	53712.47829	0.512399	36.0813007428	-34.4051302682
HAC86	315.36822	-18.65530	16.681	0.122	15.27	53563.45712	0.4484229	29.1726183328	-36.8006001776
HAC87	315.37609	-11.18742	16.948	0.175	16.91	53705.40323	0.487404	37.6161705643	-33.9028586803
HAC88	315.47503	6.09597	16.992	0.134	17.72	53466.47662	0.7008843	54.9618278923	-25.3766988162
HAC89	315.88349	-2.06484	16.723	0.137	15.48	53481.53096	0.454232	47.4053109849	-30.0760703246
HAC90	315.91066	-11.83043	17.099	0.102	18.64	53712.05463	0.5288937	37.1805517173	-34.6500384788
HAC91	315.92048	-13.01857	16.698	0.067	15.84	53713.06147	0.6788737	35.8677273875	-35.1525563609
HAC92	316.57132	-9.09145	17.095	0.195	17.83	53705.12131	0.4847188	40.5097060356	-34.042164901
HAC93	316.64026	-12.21596	17.211	0.074	19.97	53712.74937	0.6472354	37.1193509401	-35.4595685485
HAC94	316.71384	-0.80928	16.764	0.141	15.71	53481.38195	0.5427522	49.1434348997	-30.1449183268
HAC95	316.73036	-5.03477	16.876	0.161	16.48	53705.40005	0.6789253	44.8816426778	-32.2838763954
HAC96	316.75254	-0.66449	16.711	0.166	15.23	53482.16976	0.5280528	49.3096987403	-30.1027206613
HAC97	316.88536	-2.03157	17.054	0.11	18.45	53481.42433	0.5392559	48.0294369978	-30.9212805708
HAC98	316.89503	1.41846	16.82	0.235	15.57	53482.32849	0.7062526	51.4307070095	-29.1234224509
HAC99	316.94973	-16.73925	17.038	0.109	18.07	53711.76572	0.5071308	32.0952082256	-37.5193635361
HAC100	316.95681	-15.06051	16.893	0.134	16.83	53712.96381	0.5991877	34.0489691937	-36.8894426259
HAC101	317.03462	-11.10396	16.844	0.139	16.45	53705.50559	0.5478155	38.5556489523	-35.3371672857
HAC102	317.12882	-13.48412	16.683	0.125	15.31	53712.57771	0.7076885	35.9348337141	-36.4163323993
HAC103	317.12928	-13.48415	16.681	0.125	15.33	53706.23256	0.7076675	35.9350252159	-36.4167534058
HAC104	317.25175	-4.89271	16.893	0.27	15.82	53705.65728	0.5540335	45.3287198098	-32.6682510913
HAC105	317.27205	-4.57895	16.736	0.19	15.31	53706.2206	0.6611548	45.6651246428	-32.5321016949
HAC106	317.37999	-18.54434	17.248	0.109	19.97	53561.39999	0.5139797	30.1424920047	-38.5494880194
HAC107	317.44263	-14.79301	16.695	0.141	15.31	53711.96138	0.5665796	34.58702798	-37.2173526731
HAC108	317.55411	-13.76251	17.186	0.122	19.29	53705.08765	0.4502797	35.825862449	-36.9069408498
HAC109	317.67684	-11.08184	17.186	0.112	19.38	53705.39137	0.6810161	38.914444779	-35.8962688503
HAC110	317.70478	-6.68795	17.2	0.122	19.34	53705.35774	0.5127766	43.706117307	-33.9279778848
HAC111	317.72824	-0.15820	16.889	0.198	16.29	53481.97474	0.5276288	50.4025678451	-30.6679617186
HAC112	317.84982	-9.03017	17.049	0.31	16.61	53705.58345	0.6110445	41.2677709118	-35.1414222239
HAC113	317.98465	-8.54458	17.05	0.18	17.6	53704.83946	0.6030523	41.8702890292	-35.038976407
HAC114	318.02589	-6.16862	16.713	0.168	15.29	53706.06475	0.5848678	44.4398117374	-33.9604981855
HAC115	318.28816	3.53046	16.953	0.164	17.02	53480.11392	0.4545585	54.3262914868	-29.1342888879
HAC116	318.29407	-10.15773	16.899	0.313	15.49	53705.42376	0.5710197	40.2690333876	-36.0378962279
HAC117	318.41197	-4.65859	17.245	0.156	19.51	53705.94499	0.5539043	46.2510329846	-33.5597895511
HAC118	318.51813	-12.91574	16.64	0.097	15.22	53705.75475	0.5495889	37.276431817	-37.4174105072
HAC119	318.62034	-15.47583	16.78	0.12	15.93	53712.55297	0.4918196	34.3486179654	-38.5300845879
HAC120	318.71910	-16.09230	16.792	0.175	15.87	53712.38478	0.633867	33.6646237219	-38.8526504533
HAC121	318.75783	-1.94396	16.819	0.104	16.49	53481.98227	0.4902963	49.2502687414	-32.4804091169
HAC122	318.76975	-13.84623	16.962	0.123	17.35	53705.15637	0.5053731	36.329164206	-38.0209758837
HAC123	319.04398	3.29346	17.084	0.12	18.37	53479.19663	0.4649876	54.5847620049	-29.8924550028
HAC124	319.04539	-6.96965	17.226	0.257	18.51	53705.20153	0.5146908	44.1734329924	-35.2330278896
HAC125	319.08486	-7.44457	17.174	0.238	18.24	53704.90715	0.4967108	43.6833516126	-35.492551804
HAC126	319.16495	-5.06297	16.939	0.154	16.99	53705.45256	0.6054819	46.2746761703	-34.4118719393
HAC127	319.28459	-12.75058	17.037	0.109	18.16	53705.41691	0.533345	37.8585459656	-38.028768293
HAC128	319.34853	-4.30411	17.016	0.117	18.07	53704.96612	0.6302655	47.1816142729	-34.1926688438
HAC129	319.39908	-8.86114	17.184	0.27	18.04	53705.29859	0.5091888	42.3127866371	-36.4267823412
HAC130	319.42985	-8.88785	17.22	0.266	18.38	53705.17807	0.5744386	42.300601514	-36.4660456477
HAC131	319.47630	-0.28230	16.888	0.111	17.11	53482.29667	0.6488838	51.3697620635	-32.2139965696
HAC132	319.48191	-12.80151	16.79	0.108	16.3	53704.67347	0.6227709	37.9015455905	-38.2249335973
HAC133	319.67273	-12.49502	17.197	0.109	19.69	53705.38912	0.643506	38.3551739744	-38.2659012514
HAC134	319.75259	-6.24453	17.205	0.252	18.39	53705.36827	0.5986178	45.3672930757	-35.5004589542
HAC135	320.04831	-14.85382	17.274	0.143	19.89	53705.88301	0.574063	35.7760828551	-39.5583998936
HAC136	320.15404	-13.95147	17.16	0.122	19.2	53704.69964	0.7548184	36.9003957991	-39.2929043197
HAC137	320.53671	0.27887	16.813	0.126	16.29	53481.88463	0.64699	52.6094590306	-32.8025820698
HAC138	320.61136	-12.25747	17.26	0.119	19.96	53705.28473	0.4916165	39.1264079838	-38.9966716992
HAC139	320.66874	-10.92959	17.031	0.099	18.18	53704.9136	0.5764353	40.6927222545	-38.4735101798
HAC140	320.91048	-4.74938	17.152	0.121	19.19	53705.89389	0.6336923	47.6675196495	-35.762462644
HAC141	321.14890	0.52408	17.225	0.115	19.75	53706.12241	0.5802046	53.2540892684	-33.1801376736
HAC142	321.18611	-19.57090	17.158	0.093	19.26	53561.38132	0.5526279	30.4776134537	-42.2817651127
HAC143	321.26158	-0.19488	16.887	0.094	17.19	53481.18586	0.6143017	52.6076656736	-33.6685324457
HAC144	321.29566	-2.76303	17.153	0.142	18.85	53481.95184	0.6639122	50.0007200479	-35.0710706262
HAC145	321.39780	-8.28595	16.706	0.113	15.55	53705.41665	0.540739	44.1041355373	-37.9098946278
HAC146	321.58984	-6.76279	17.194	0.159	19.04	53705.62017	0.5421806	45.9076268867	-37.3475542568
HAC147	321.63208	-7.22104	16.869	0.181	16.29	53705.52946	0.5743614	45.4282191348	-37.6064061878
HAC148	321.71218	-12.32174	16.964	0.093	17.67	53705.58105	0.5469852	39.6437509422	-39.997508403
HAC149	321.72240	-18.94439	16.899	0.081	17.25	53561.053	0.5487866	31.5069562793	-42.5488551748
HAC150	321.93246	-1.19725	16.789	0.098	16.26	53481.79405	0.5615498	52.0305531434	-34.7762568142
HAC151	322.14984	-16.79517	17.223	0.117	19.79	53704.60779	0.5845584	34.4219488108	-42.167647031
HAC152	322.18518	1.42297	16.785	0.091	16.31	53481.72728	0.5550181	54.8390119282	-33.5395822615
HAC153	322.20409	-13.66542	16.739	0.116	15.86	53705.89839	0.6196328	38.3023698007	-40.994907161
HAC154	322.21505	-16.21559	16.802	0.114	16.33	53705.50836	0.6049373	35.1779542317	-42.0093452451
HAC155	322.32382	-4.98834	17.014	0.098	18.08	53705.10002	0.5872153	48.296890348	-37.0980710814
HAC156	322.51882	-9.56508	16.775	0.086	16.21	53705.03906	0.5583326	43.3141415662	-39.485485106
HAC157	322.52563	-10.74815	16.926	0.104	17.45	53705.37645	0.6400168	41.946523394	-40.0280242473
HAC158	322.53194	-5.97973	16.904	0.097	17.27	53705.75889	0.6479567	47.3493779343	-37.7761356339
HAC159	322.57446	-15.79314	16.73	0.102	15.73	53704.80815	0.4901101	35.8814537369	-42.1682876566
HAC160	322.57989	-11.94701	17.031	0.101	18.19	53705.75714	0.5497577	40.5649743882	-40.6028701733
HAC161	322.71326	-16.64750	16.892	0.095	17.07	53705.63581	0.5705727	34.8783049466	-42.6141570289
HAC162	322.83971	-3.15650	17.109	0.082	19.03	53705.40367	0.5387751	50.5880940469	-36.5895553992
HAC163	322.84445	-10.13548	16.922	0.067	17.47	53704.85059	0.5328962	42.8453378872	-40.0317530561
HAC164	322.93963	-3.51959	17.217	0.071	19.94	53705.04085	0.5050921	50.2684198157	-36.8654876989
HAC165	322.94990	-18.43182	16.983	0.068	18.16	53561.99762	0.5454053	32.7105337011	-43.4654810895
HAC166	323.06172	-12.18240	16.823	0.11	16.58	53705.32969	0.5054071	40.5531505901	-41.1295063653
HAC167	323.06279	-5.55798	16.707	0.09	15.62	53705.33331	0.460838	48.1476851617	-38.0210881798
HAC168	323.24914	-12.77867	17.19	0.108	19.36	53705.28813	0.4657169	39.9392658286	-41.5497324662
HAC169	323.54580	-2.16656	16.98	0.099	17.64	53705.13136	0.4525278	52.1002893844	-36.6569264203
HAC170	323.58829	-3.36334	17.215	0.086	19.95	53705.26504	0.5854549	50.8629203564	-37.3332764082
HAC171	323.60156	-6.42850	17.06	0.081	18.65	53705.31056	0.6214766	47.5298226327	-38.9216001157
HAC172	323.83945	-12.45145	16.63	0.093	15.3	53706.15731	0.8871044	40.66521282	-41.9311850488
HAC173	323.87019	-13.34237	16.878	0.103	17.01	53705.83973	0.5732417	39.5940765056	-42.3357606361
HAC174	324.08304	-9.48389	17.065	0.073	18.83	53705.57727	0.6213225	44.3435824381	-40.8148923292
HAC175	324.19692	-16.61344	17.015	0.099	18.04	53705.41149	0.5969347	35.6488388642	-43.9208107639
HAC176	324.25267	-5.18006	17.143	0.09	19.14	53705.72713	0.5987952	49.3341807661	-38.8472175389
HAC177	324.46875	-2.25112	16.658	0.074	15.56	53705.30404	0.5819479	52.6386275541	-37.4774216017
HAC178	324.70867	-14.41802	16.794	0.092	16.36	53705.28575	0.5486321	38.7127145318	-43.520319522
HAC179	324.73023	-12.33178	16.763	0.107	16.0	53705.1913	0.6360223	41.3185093239	-42.66452293
HAC180	324.87052	-13.58887	16.689	0.087	15.76	53705.18424	0.6273136	39.8422903785	-43.322687582
HAC181	325.46313	-8.42692	17.08	0.074	18.83	53705.37092	0.5772869	46.4397726705	-41.5116541377
HAC182	325.66687	-9.32701	16.926	0.078	17.49	53705.82162	0.553881	45.5094545786	-42.1198941363
HAC183	325.80439	-12.78079	17.166	0.081	19.6	53550.48275	0.6069066	41.3840158952	-43.8040896331
HAC184	326.12263	-7.48780	16.765	0.067	16.19	53705.29859	0.4620263	47.9619397847	-41.6189671215
HAC185	326.27618	-12.72231	16.627	0.074	15.24	53705.16985	0.5269956	41.7333064729	-44.193999329
HAC186	326.30781	-8.36740	16.795	0.084	16.29	53705.40113	0.5202272	47.0556184325	-42.2126952111
HAC187	326.84268	-2.69905	16.778	0.08	16.34	53705.79799	0.5722647	53.8274025713	-39.7051167512
HAC188	327.13416	-11.33910	17.211	0.087	19.89	53704.80951	0.6365757	43.9841455223	-44.3328731944
HAC189	327.16776	-3.46159	16.605	0.053	15.36	53705.28896	0.5855463	53.2300694125	-40.3963290743
HAC190	327.19132	-10.10343	17.141	0.076	19.32	53705.6931	0.5431754	45.5451094203	-43.8110105957
HAC191	327.28944	-5.09963	16.998	0.059	18.04	53705.37308	0.4698742	51.4929607132	-41.3830340688
HAC192	327.38834	-10.83955	17.04	0.081	18.37	53526.04666	0.5989078	44.764643344	-44.3257444596
HAC193	327.53983	-10.30017	16.967	0.072	17.96	53705.48236	0.5846271	45.5280093624	-44.2062374631
HAC194	327.83597	-3.85225	16.936	0.071	17.64	53705.33691	0.5219768	53.2814761725	-41.1682011791
HAC195	327.91451	-11.23821	16.619	0.073	15.34	53705.43207	0.6479794	44.6013100225	-44.9677182432
HAC196	327.95056	-10.84685	16.97	0.068	17.93	53705.22104	0.6670264	45.1144798927	-44.8185456546
HAC197	328.27928	-5.43077	16.58	0.056	15.14	53705.64241	0.6527925	51.82144806	-42.3936715138
HAC198	329.40955	-4.60550	17.082	0.088	18.74	53705.41046	0.586768	53.5935333968	-42.8934040191
