0	303.38292	-13.39055	16.977	0.199	15.59	1012107032149.0
1	304.04228	-9.42655	17.238	0.145	18.31	1009108086600.0
2	304.89878	-14.81148	17.358	0.143	19.38	1015106088029.0
3	305.41933	-14.22164	17.115	0.12	17.66	1015106113565.0
4	306.71756	-2.94580	17.144	0.121	17.95	1004110125833.0
5	306.76844	-12.28441	17.019	0.088	17.46	1012108079899.0
6	307.13605	-5.92507	16.893	0.1	16.12	1007109113207.0
7	307.48382	-9.00429	17.41	0.142	19.9	1009109102301.0
8	307.54837	-11.82789	17.277	0.104	19.36	1012108099714.0
9	307.70441	-5.50855	16.751	0.094	15.34	1004110006566.0
10	307.83275	-13.21507	17.072	0.085	17.97	1012108038709.0
11	307.86799	-9.80557	16.87	0.129	15.66	1009109066182.0
12	308.14873	-2.13579	17.175	0.301	15.41	1001110030488.0
13	308.22028	-8.18172	17.125	0.1	18.19	1007109012631.0
14	308.64841	-7.54757	16.956	0.108	16.59	1007109040339.0
15	308.67661	-5.37194	17.13	0.096	18.24	1004110012293.0
16	309.05984	-0.50521	17.394	0.275	17.5	1001110105424.0
17	309.37383	-5.35580	17.223	0.111	18.74	1004111011914.0
18	309.49275	-6.31159	17.132	0.104	18.07	1007110091697.0
19	309.65116	-16.62064	17.219	0.118	18.48	1015107012021.0
20	310.02271	-10.72099	16.854	0.107	15.98	1009110023007.0
21	310.07065	-6.35172	16.701	0.082	15.29	1007110090057.0
22	310.08093	-6.16099	16.805	0.089	15.69	1007110097831.0
23	310.28421	-11.52873	17.057	0.089	17.77	1012109101874.0
24	310.39192	-11.24687	17.194	0.092	18.85	1009110002338.0
25	310.46357	-7.74050	17.156	0.083	18.67	1007110030885.0
26	310.57618	-9.67024	16.752	0.09	15.37	1009110066004.0
27	310.68446	-15.87233	16.821	0.088	15.99	1015108037697.0
28	310.98189	-12.40893	16.828	0.067	16.34	1012109067386.0
29	311.15181	-11.00794	17.231	0.105	18.73	1009110011325.0
30	311.35696	-10.80271	16.949	0.114	16.62	1009110019823.0
31	311.52711	-0.13406	17.232	0.132	18.22	1001111118656.0
32	311.54634	-0.04259	17.255	0.146	18.44	1001111123899.0
33	311.56394	-2.49330	17.063	0.126	17.24	1001111014505.0
34	311.65933	-9.37508	17.32	0.124	19.51	1009110077932.0
35	311.68423	-6.54568	17.197	0.115	18.52	1007110081539.0
36	311.77672	-1.84220	17.389	0.132	19.93	1001111043245.0
37	311.80518	-11.03594	16.811	0.108	15.31	1009111009514.0
38	311.94644	-14.05378	17.07	0.102	17.72	1012110002658.0
39	311.97564	-14.35301	17.063	0.108	17.44	1015108092627.0
40	312.08768	-8.60924	17.303	0.189	18.11	1009111095492.0
41	312.10469	8.32977	17.407	0.157	19.55	1107111122838.0
42	312.10736	-3.83914	16.878	0.1	16.24	1004111076059.0
43	312.14321	-11.12615	17.296	0.116	19.22	1009111006226.0
44	312.33385	-1.07874	17.139	0.148	17.46	1001112069588.0
45	312.37313	2.30484	17.121	0.221	16.17	1101112095662.0
46	312.50780	1.21373	17.243	0.203	17.12	1101112050632.0
47	312.51776	-8.40900	17.215	0.182	17.5	1007111002580.0
48	312.84083	7.18982	17.209	0.156	17.84	1107111070462.0
49	312.88229	-15.16886	17.348	0.119	19.81	1015108063582.0
50	313.05805	-11.11333	17.209	0.125	18.42	1009111006716.0
51	313.10546	6.25013	17.121	0.171	16.88	1107111027188.0
52	313.17598	-1.16474	17.168	0.18	17.1	1001112066259.0
53	313.33800	-12.50613	16.802	0.112	15.53	1012110058256.0
54	313.39140	-1.46868	17.196	0.21	17.02	1001112053847.0
55	313.39245	-1.32079	17.391	0.199	18.76	1001112059728.0
56	313.42073	-12.47131	17.236	0.116	18.99	1012110059445.0
57	313.42286	-12.69344	16.894	0.112	16.15	1012110051104.0
58	313.42751	-12.60174	16.775	0.111	15.21	1012110054571.0
59	313.43136	-12.53100	16.879	0.107	16.07	1012110057139.0
60	313.45038	-4.65741	17.112	0.198	16.21	1004112038004.0
61	313.45347	-12.61245	16.854	0.113	15.87	1012110054076.0
62	313.60971	-13.87103	17.21	0.07	19.43	1012110008722.0
63	313.69198	0.29884	16.879	0.151	15.46	1101112012718.0
64	313.80325	-13.62387	16.929	0.065	16.93	1012110017470.0
65	313.83826	-1.17943	17.191	0.223	16.82	1001112065454.0
66	313.92165	-12.32231	17.256	0.122	18.92	1012110064607.0
67	314.35142	-6.65986	17.155	0.099	18.43	1007111067767.0
68	314.43350	-1.32706	17.114	0.202	16.59	1001112059640.0
69	314.53143	-15.13065	17.008	0.088	17.46	1015109060234.0
70	314.58670	-9.44593	17.093	0.138	17.26	1009111065588.0
71	314.59096	-2.89353	17.143	0.15	17.4	1004112107700.0
72	314.60007	1.28100	17.228	0.165	17.88	1101112053340.0
73	314.60445	-16.51203	17.046	0.115	17.29	1015109014120.0
74	314.61976	0.35339	17.061	0.15	16.9	1101112015036.0
75	314.70440	-18.86787	17.202	0.121	18.52	1018108028164.0
76	314.84845	-12.55440	17.019	0.082	17.54	1012111051564.0
77	314.86917	-10.19657	17.396	0.235	18.1	1009112034572.0
78	314.93914	-16.72282	17.377	0.139	19.6	1015109007270.0
79	315.00965	-12.07357	16.926	0.093	16.65	1012111067350.0
80	315.03626	0.45058	17.145	0.148	17.32	1101113017035.0
81	315.08865	-14.85274	17.213	0.082	19.19	1015109069220.0
82	315.17549	3.07673	17.178	0.196	17.02	1104113010159.0
83	315.24958	0.66522	17.134	0.151	17.38	1101113024792.0
84	315.29410	-11.69823	16.701	0.088	15.28	1012111079667.0
85	315.29606	-12.55101	17.071	0.064	18.17	1012111051708.0
86	315.36822	-18.65530	16.803	0.122	15.27	1018108034830.0
87	315.37609	-11.18742	17.123	0.175	16.91	1009112003717.0
88	315.47503	6.09597	17.126	0.134	17.72	1107112018411.0
89	315.88349	-2.06484	16.86	0.137	15.48	1001113027799.0
90	315.91066	-11.83043	17.201	0.102	18.64	1012111075186.0
91	315.92048	-13.01857	16.765	0.067	15.84	1012111036242.0
92	316.57132	-9.09145	17.29	0.195	17.83	1009112070770.0
93	316.64026	-12.21596	17.285	0.074	19.97	1012111062632.0
94	316.71384	-0.80928	16.905	0.141	15.71	1001113073846.0
95	316.73036	-5.03477	17.037	0.161	16.48	1004113021006.0
96	316.75254	-0.66449	16.877	0.166	15.23	1001113079013.0
97	316.88536	-2.03157	17.164	0.11	18.45	1001113029000.0
98	316.89503	1.41846	17.055	0.235	15.57	1101113053478.0
99	316.94973	-16.73925	17.147	0.109	18.07	1015110006156.0
100	316.95681	-15.06051	17.027	0.134	16.83	1015110057139.0
101	317.03462	-11.10396	16.983	0.139	16.45	1009112006256.0
102	317.12882	-13.48412	16.808	0.125	15.31	1012111020712.0
103	317.12928	-13.48415	16.806	0.125	15.33	1012112019234.0
104	317.25175	-4.89271	17.163	0.27	15.82	1004113026130.0
105	317.27205	-4.57895	16.926	0.19	15.31	1004113037333.0
106	317.37999	-18.54434	17.357	0.109	19.97	1018109035344.0
107	317.44263	-14.79301	16.836	0.141	15.31	1015110065102.0
108	317.55411	-13.76251	17.308	0.122	19.29	1012112010661.0
109	317.67684	-11.08184	17.298	0.112	19.38	1009113006583.0
110	317.70478	-6.68795	17.322	0.122	19.34	1007113054295.0
111	317.72824	-0.15820	17.087	0.198	16.29	1001113096703.0
112	317.84982	-9.03017	17.359	0.31	16.61	1009113066665.0
113	317.98465	-8.54458	17.23	0.18	17.6	1009113080454.0
114	318.02589	-6.16862	16.881	0.168	15.29	1007113070459.0
115	318.28816	3.53046	17.117	0.164	17.02	1104114025362.0
116	318.29407	-10.15773	17.212	0.313	15.49	1009113034095.0
117	318.41197	-4.65859	17.401	0.156	19.51	1004114030787.0
118	318.51813	-12.91574	16.737	0.097	15.22	1012112036676.0
119	318.62034	-15.47583	16.9	0.12	15.93	1015110044446.0
120	318.71910	-16.09230	16.967	0.175	15.87	1015110025190.0
121	318.75783	-1.94396	16.923	0.104	16.49	1001114029509.0
122	318.76975	-13.84623	17.085	0.123	17.35	1012112008107.0
123	319.04398	3.29346	17.204	0.12	18.37	1104114016962.0
124	319.04539	-6.96965	17.483	0.257	18.51	1007113045498.0
125	319.08486	-7.44457	17.412	0.238	18.24	1007113031048.0
126	319.16495	-5.06297	17.093	0.154	16.99	1004114018227.0
127	319.28459	-12.75058	17.146	0.109	18.16	1012112041558.0
128	319.34853	-4.30411	17.133	0.117	18.07	1004114042346.0
129	319.39908	-8.86114	17.454	0.27	18.04	1009113071935.0
130	319.42985	-8.88785	17.486	0.266	18.38	1009113070909.0
131	319.47630	-0.28230	16.999	0.111	17.11	1001114085445.0
132	319.48191	-12.80151	16.898	0.108	16.3	1012112039997.0
133	319.67273	-12.49502	17.306	0.109	19.69	1012112049294.0
134	319.75259	-6.24453	17.457	0.252	18.39	1007113068252.0
135	320.04831	-14.85382	17.417	0.143	19.89	1015111058363.0
136	320.15404	-13.95147	17.282	0.122	19.2	1012113004689.0
137	320.53671	0.27887	16.939	0.126	16.29	1101114009760.0
138	320.61136	-12.25747	17.379	0.119	19.96	1012113053496.0
139	320.66874	-10.92959	17.13	0.099	18.18	1009114010447.0
140	320.91048	-4.74938	17.273	0.121	19.19	1004115026176.0
141	321.14890	0.52408	17.34	0.115	19.75	1101115017231.0
142	321.18611	-19.57090	17.251	0.093	19.26	1018110005220.0
143	321.26158	-0.19488	16.981	0.094	17.19	1001115082047.0
144	321.29566	-2.76303	17.295	0.142	18.85	1001115002020.0
145	321.39780	-8.28595	16.819	0.113	15.55	1007114005307.0
146	321.58984	-6.76279	17.353	0.159	19.04	1007114048598.0
147	321.63208	-7.22104	17.05	0.181	16.29	1007114035436.0
148	321.71218	-12.32174	17.057	0.093	17.67	1012113051781.0
149	321.72240	-18.94439	16.98	0.081	17.25	1018110021534.0
150	321.93246	-1.19725	16.887	0.098	16.26	1001115049813.0
151	322.14984	-16.79517	17.34	0.117	19.79	1015111003954.0
152	322.18518	1.42297	16.876	0.091	16.31	1101115047026.0
153	322.20409	-13.66542	16.855	0.116	15.86	1012113012748.0
154	322.21505	-16.21559	16.916	0.114	16.33	1015111019835.0
155	322.32382	-4.98834	17.112	0.098	18.08	1004115019323.0
156	322.51882	-9.56508	16.861	0.086	16.21	1009114049998.0
157	322.52563	-10.74815	17.03	0.104	17.45	1009114015644.0
158	322.53194	-5.97973	17.001	0.097	17.27	1007114070922.0
159	322.57446	-15.79314	16.832	0.102	15.73	1015112029655.0
160	322.57989	-11.94701	17.132	0.101	18.19	1012113062608.0
161	322.71326	-16.64750	16.987	0.095	17.07	1015112007472.0
162	322.83971	-3.15650	17.191	0.082	19.03	1004115072914.0
163	322.84445	-10.13548	16.989	0.067	17.47	1009114033361.0
164	322.93963	-3.51959	17.288	0.071	19.94	1004115062146.0
165	322.94990	-18.43182	17.051	0.068	18.16	1018111031322.0
166	323.06172	-12.18240	16.933	0.11	16.58	1012114051092.0
167	323.06279	-5.55798	16.797	0.09	15.62	1004115002933.0
168	323.24914	-12.77867	17.298	0.108	19.36	1012114035433.0
169	323.54580	-2.16656	17.079	0.099	17.64	1001116019197.0
170	323.58829	-3.36334	17.301	0.086	19.95	1004116063559.0
171	323.60156	-6.42850	17.141	0.081	18.65	1007115059237.0
172	323.83945	-12.45145	16.723	0.093	15.3	1012114044284.0
173	323.87019	-13.34237	16.981	0.103	17.01	1012114020427.0
174	324.08304	-9.48389	17.138	0.073	18.83	1009115049438.0
175	324.19692	-16.61344	17.114	0.099	18.04	1015112008247.0
176	324.25267	-5.18006	17.233	0.09	19.14	1004116013085.0
177	324.46875	-2.25112	16.732	0.074	15.56	1001116016628.0
178	324.70867	-14.41802	16.886	0.092	16.36	1015112066283.0
179	324.73023	-12.33178	16.87	0.107	16.0	1012114047233.0
180	324.87052	-13.58887	16.776	0.087	15.76	1012114013787.0
181	325.46313	-8.42692	17.154	0.074	18.83	1007115001535.0
182	325.66687	-9.32701	17.004	0.078	17.49	1009115053787.0
183	325.80439	-12.78079	17.247	0.081	19.6	1012115033345.0
184	326.12263	-7.48780	16.832	0.067	16.19	1007116026127.0
185	326.27618	-12.72231	16.701	0.074	15.24	1012115034721.0
186	326.30781	-8.36740	16.879	0.084	16.29	1007116002931.0
187	326.84268	-2.69905	16.858	0.08	16.34	1001117003456.0
188	327.13416	-11.33910	17.298	0.087	19.89	1012115068552.0
189	327.16776	-3.46159	16.658	0.053	15.36	1004117059550.0
190	327.19132	-10.10343	17.217	0.076	19.32	1009116030939.0
191	327.28944	-5.09963	17.057	0.059	18.04	1004117014583.0
192	327.38834	-10.83955	17.121	0.081	18.37	1009116011578.0
193	327.53983	-10.30017	17.039	0.072	17.96	1009116025506.0
194	327.83597	-3.85225	17.007	0.071	17.64	1004117048883.0
195	327.91451	-11.23821	16.692	0.073	15.34	1009116001689.0
196	327.95056	-10.84685	17.038	0.068	17.93	1009116011305.0
197	328.27928	-5.43077	16.636	0.056	15.14	1004117005945.0
198	329.40955	-4.60550	17.17	0.088	18.74	1004118025802.0
199	303.75942	-10.14416	17.181	0.111	17.82	1009108052750.0
200	305.46342	-11.19871	17.035	0.065	17.72	1009108004607.0
201	305.52109	-9.14023	16.816	0.096	15.37	1009108100283.0
202	306.88039	-15.55379	17.186	0.066	18.98	1015106057371.0
203	307.45750	-0.82294	17.418	0.208	17.5	1001110090862.0
204	308.08516	-13.82390	16.976	0.046	17.74	1012108012972.0
205	308.97099	-14.77591	17.034	0.034	18.53	1015107083484.0
206	309.72369	-10.88531	16.82	0.06	16.21	1009110016557.0
207	311.77721	-10.02509	17.209	0.069	19.14	1009110051073.0
208	311.80133	-9.34920	17.102	0.072	18.12	1009111068960.0
209	312.66049	-6.08155	17.086	0.076	17.88	1007111089262.0
210	313.59387	-14.34826	16.672	0.042	15.53	1015109085573.0
211	314.36135	-7.03973	16.724	0.054	15.6	1007111053643.0
212	314.76255	0.87779	16.909	0.069	16.69	1101112036426.0
213	314.96471	-5.97612	17.171	0.051	19.24	1007112083434.0
214	315.26483	-18.93125	17.067	0.057	18.19	1018108026041.0
215	316.15678	-11.21071	17.212	0.132	17.63	1009112003105.0
216	316.89442	-18.44089	17.222	0.082	18.93	1018109038346.0
217	318.34638	3.21990	17.197	0.077	18.86	1104114014573.0
218	318.61569	-16.31775	16.788	0.098	15.2	1015110018386.0
219	319.26370	-2.68297	17.219	0.059	19.46	1001114005005.0
220	319.30157	-3.05192	17.146	0.056	18.89	1004114082124.0
221	323.60860	-17.30896	17.008	0.048	17.92	1018111057168.0
222	324.12261	-5.81890	16.852	0.042	16.81	1007115076122.0
223	325.47743	-14.69095	16.629	0.049	15.02	1015113054166.0
224	326.27114	-10.65119	17.167	0.047	19.34	1009116016352.0
