[0] 303.38292 -13.39055
[1] 304.04228 -9.42655
[2] 304.89878 -14.81148
[3] 305.41933 -14.22164
[4] 306.71756 -2.94580
[5] 306.76844 -12.28441
[6] 307.13605 -5.92507
[7] 307.48382 -9.00429
[8] 307.54837 -11.82789
[9] 307.70441 -5.50855
[10] 307.83275 -13.21507
[11] 307.86799 -9.80557
[12] 308.14873 -2.13579
[13] 308.22028 -8.18172
[14] 308.64841 -7.54757
[15] 308.67661 -5.37194
[16] 309.05984 -0.50521
[17] 309.37383 -5.35580
[18] 309.49275 -6.31159
[19] 309.65116 -16.62064
[20] 310.02271 -10.72099
[21] 310.07065 -6.35172
[22] 310.08093 -6.16099
[23] 310.28421 -11.52873
[24] 310.39192 -11.24687
[25] 310.46357 -7.74050
[26] 310.57618 -9.67024
[27] 310.68446 -15.87233
[28] 310.98189 -12.40893
[29] 311.15181 -11.00794
[30] 311.35696 -10.80271
[31] 311.52711 -0.13406
[32] 311.54634 -0.04259
[33] 311.56394 -2.49330
[34] 311.65933 -9.37508
[35] 311.68423 -6.54568
[36] 311.77672 -1.84220
[37] 311.80518 -11.03594
[38] 311.94644 -14.05378
[39] 311.97564 -14.35301
[40] 312.08768 -8.60924
[41] 312.10469 8.32977
[42] 312.10736 -3.83914
[43] 312.14321 -11.12615
[44] 312.33385 -1.07874
[45] 312.37313 2.30484
[46] 312.50780 1.21373
[47] 312.51776 -8.40900
[48] 312.84083 7.18982
[49] 312.88229 -15.16886
[50] 313.05805 -11.11333
[51] 313.10546 6.25013
[52] 313.17598 -1.16474
[53] 313.33800 -12.50613
[54] 313.39140 -1.46868
[55] 313.39245 -1.32079
[56] 313.42073 -12.47131
[57] 313.42286 -12.69344
[58] 313.42751 -12.60174
[59] 313.43136 -12.53100
[60] 313.45038 -4.65741
[61] 313.45347 -12.61245
[62] 313.60971 -13.87103
[63] 313.69198 0.29884
[64] 313.80325 -13.62387
[65] 313.83826 -1.17943
[66] 313.92165 -12.32231
[67] 314.35142 -6.65986
[68] 314.43350 -1.32706
[69] 314.53143 -15.13065
[70] 314.58670 -9.44593
[71] 314.59096 -2.89353
[72] 314.60007 1.28100
[73] 314.60445 -16.51203
[74] 314.61976 0.35339
[75] 314.70440 -18.86787
[76] 314.84845 -12.55440
[77] 314.86917 -10.19657
[78] 314.93914 -16.72282
[79] 315.00965 -12.07357
[80] 315.03626 0.45058
[81] 315.08865 -14.85274
[82] 315.17549 3.07673
[83] 315.24958 0.66522
[84] 315.29410 -11.69823
[85] 315.29606 -12.55101
[86] 315.36822 -18.65530
[87] 315.37609 -11.18742
[88] 315.47503 6.09597
[89] 315.88349 -2.06484
[90] 315.91066 -11.83043
[91] 315.92048 -13.01857
[92] 316.57132 -9.09145
[93] 316.64026 -12.21596
[94] 316.71384 -0.80928
[95] 316.73036 -5.03477
[96] 316.75254 -0.66449
[97] 316.88536 -2.03157
[98] 316.89503 1.41846
[99] 316.94973 -16.73925
[100] 316.95681 -15.06051
[101] 317.03462 -11.10396
[102] 317.12882 -13.48412
[103] 317.12928 -13.48415
[104] 317.25175 -4.89271
[105] 317.27205 -4.57895
[106] 317.37999 -18.54434
[107] 317.44263 -14.79301
[108] 317.55411 -13.76251
[109] 317.67684 -11.08184
[110] 317.70478 -6.68795
[111] 317.72824 -0.15820
[112] 317.84982 -9.03017
[113] 317.98465 -8.54458
[114] 318.02589 -6.16862
[115] 318.28816 3.53046
[116] 318.29407 -10.15773
[117] 318.41197 -4.65859
[118] 318.51813 -12.91574
[119] 318.62034 -15.47583
[120] 318.71910 -16.09230
[121] 318.75783 -1.94396
[122] 318.76975 -13.84623
[123] 319.04398 3.29346
[124] 319.04539 -6.96965
[125] 319.08486 -7.44457
[126] 319.16495 -5.06297
[127] 319.28459 -12.75058
[128] 319.34853 -4.30411
[129] 319.39908 -8.86114
[130] 319.42985 -8.88785
[131] 319.47630 -0.28230
[132] 319.48191 -12.80151
[133] 319.67273 -12.49502
[134] 319.75259 -6.24453
[135] 320.04831 -14.85382
[136] 320.15404 -13.95147
[137] 320.53671 0.27887
[138] 320.61136 -12.25747
[139] 320.66874 -10.92959
[140] 320.91048 -4.74938
[141] 321.14890 0.52408
[142] 321.18611 -19.57090
[143] 321.26158 -0.19488
[144] 321.29566 -2.76303
[145] 321.39780 -8.28595
[146] 321.58984 -6.76279
[147] 321.63208 -7.22104
[148] 321.71218 -12.32174
[149] 321.72240 -18.94439
[150] 321.93246 -1.19725
[151] 322.14984 -16.79517
[152] 322.18518 1.42297
[153] 322.20409 -13.66542
[154] 322.21505 -16.21559
[155] 322.32382 -4.98834
[156] 322.51882 -9.56508
[157] 322.52563 -10.74815
[158] 322.53194 -5.97973
[159] 322.57446 -15.79314
[160] 322.57989 -11.94701
[161] 322.71326 -16.64750
[162] 322.83971 -3.15650
[163] 322.84445 -10.13548
[164] 322.93963 -3.51959
[165] 322.94990 -18.43182
[166] 323.06172 -12.18240
[167] 323.06279 -5.55798
[168] 323.24914 -12.77867
[169] 323.54580 -2.16656
[170] 323.58829 -3.36334
[171] 323.60156 -6.42850
[172] 323.83945 -12.45145
[173] 323.87019 -13.34237
[174] 324.08304 -9.48389
[175] 324.19692 -16.61344
[176] 324.25267 -5.18006
[177] 324.46875 -2.25112
[178] 324.70867 -14.41802
[179] 324.73023 -12.33178
[180] 324.87052 -13.58887
[181] 325.46313 -8.42692
[182] 325.66687 -9.32701
[183] 325.80439 -12.78079
[184] 326.12263 -7.48780
[185] 326.27618 -12.72231
[186] 326.30781 -8.36740
[187] 326.84268 -2.69905
[188] 327.13416 -11.33910
[189] 327.16776 -3.46159
[190] 327.19132 -10.10343
[191] 327.28944 -5.09963
[192] 327.38834 -10.83955
[193] 327.53983 -10.30017
[194] 327.83597 -3.85225
[195] 327.91451 -11.23821
[196] 327.95056 -10.84685
[197] 328.27928 -5.43077
[198] 329.40955 -4.60550
[199] 303.75942 -10.14416
[200] 305.46342 -11.19871
[201] 305.52109 -9.14023
[202] 306.88039 -15.55379
[203] 307.45750 -0.82294
[204] 308.08516 -13.82390
[205] 308.97099 -14.77591
[206] 309.72369 -10.88531
[207] 311.77721 -10.02509
[208] 311.80133 -9.34920
[209] 312.66049 -6.08155
[210] 313.59387 -14.34826
[211] 314.36135 -7.03973
[212] 314.76255 0.87779
[213] 314.96471 -5.97612
[214] 315.26483 -18.93125
[215] 316.15678 -11.21071
[216] 316.89442 -18.44089
[217] 318.34638 3.21990
[218] 318.61569 -16.31775
[219] 319.26370 -2.68297
[220] 319.30157 -3.05192
[221] 323.60860 -17.30896
[222] 324.12261 -5.81890
[223] 325.47743 -14.69095
[224] 326.27114 -10.65119
[0] 303.38292 -13.39055
[1] 304.04228 -9.42655
[2] 304.89878 -14.81148
[3] 305.41933 -14.22164
[4] 306.71756 -2.94580
[5] 306.76844 -12.28441
[6] 307.13605 -5.92507
[7] 307.48382 -9.00429
[8] 307.54837 -11.82789
[9] 307.70441 -5.50855
[10] 307.83275 -13.21507
[11] 307.86799 -9.80557
[12] 308.14873 -2.13579
[13] 308.22028 -8.18172
[14] 308.64841 -7.54757
[15] 308.67661 -5.37194
[16] 309.05984 -0.50521
[17] 309.37383 -5.35580
[18] 309.49275 -6.31159
[19] 309.65116 -16.62064
[20] 310.02271 -10.72099
[21] 310.07065 -6.35172
[22] 310.08093 -6.16099
[23] 310.28421 -11.52873
[24] 310.39192 -11.24687
[25] 310.46357 -7.74050
[26] 310.57618 -9.67024
[27] 310.68446 -15.87233
[28] 310.98189 -12.40893
[29] 311.15181 -11.00794
[30] 311.35696 -10.80271
[31] 311.52711 -0.13406
[32] 311.54634 -0.04259
[33] 311.56394 -2.49330
[34] 311.65933 -9.37508
[35] 311.68423 -6.54568
[36] 311.77672 -1.84220
[37] 311.80518 -11.03594
[38] 311.94644 -14.05378
[39] 311.97564 -14.35301
[40] 312.08768 -8.60924
[41] 312.10469 8.32977
[42] 312.10736 -3.83914
[43] 312.14321 -11.12615
[44] 312.33385 -1.07874
[45] 312.37313 2.30484
[46] 312.50780 1.21373
[47] 312.51776 -8.40900
[48] 312.84083 7.18982
[49] 312.88229 -15.16886
[50] 313.05805 -11.11333
[51] 313.10546 6.25013
[52] 313.17598 -1.16474
[53] 313.33800 -12.50613
[54] 313.39140 -1.46868
[55] 313.39245 -1.32079
[56] 313.42073 -12.47131
[57] 313.42286 -12.69344
[58] 313.42751 -12.60174
[59] 313.43136 -12.53100
[60] 313.45038 -4.65741
[61] 313.45347 -12.61245
[62] 313.60971 -13.87103
[63] 313.69198 0.29884
[64] 313.80325 -13.62387
[65] 313.83826 -1.17943
[66] 313.92165 -12.32231
[67] 314.35142 -6.65986
[68] 314.43350 -1.32706
[69] 314.53143 -15.13065
[70] 314.58670 -9.44593
[71] 314.59096 -2.89353
[72] 314.60007 1.28100
[73] 314.60445 -16.51203
[74] 314.61976 0.35339
[75] 314.70440 -18.86787
[76] 314.84845 -12.55440
[77] 314.86917 -10.19657
[78] 314.93914 -16.72282
[79] 315.00965 -12.07357
[80] 315.03626 0.45058
[81] 315.08865 -14.85274
[82] 315.17549 3.07673
[83] 315.24958 0.66522
[84] 315.29410 -11.69823
[85] 315.29606 -12.55101
[86] 315.36822 -18.65530
[87] 315.37609 -11.18742
[88] 315.47503 6.09597
[89] 315.88349 -2.06484
[90] 315.91066 -11.83043
[91] 315.92048 -13.01857
[92] 316.57132 -9.09145
[93] 316.64026 -12.21596
[94] 316.71384 -0.80928
[95] 316.73036 -5.03477
[96] 316.75254 -0.66449
[97] 316.88536 -2.03157
[98] 316.89503 1.41846
[99] 316.94973 -16.73925
[100] 316.95681 -15.06051
[101] 317.03462 -11.10396
[102] 317.12882 -13.48412
[103] 317.12928 -13.48415
[104] 317.25175 -4.89271
[105] 317.27205 -4.57895
[106] 317.37999 -18.54434
[107] 317.44263 -14.79301
[108] 317.55411 -13.76251
[109] 317.67684 -11.08184
[110] 317.70478 -6.68795
[111] 317.72824 -0.15820
[112] 317.84982 -9.03017
[113] 317.98465 -8.54458
[114] 318.02589 -6.16862
[115] 318.28816 3.53046
[116] 318.29407 -10.15773
[117] 318.41197 -4.65859
[118] 318.51813 -12.91574
[119] 318.62034 -15.47583
[120] 318.71910 -16.09230
[121] 318.75783 -1.94396
[122] 318.76975 -13.84623
[123] 319.04398 3.29346
[124] 319.04539 -6.96965
[125] 319.08486 -7.44457
[126] 319.16495 -5.06297
[127] 319.28459 -12.75058
[128] 319.34853 -4.30411
[129] 319.39908 -8.86114
[130] 319.42985 -8.88785
[131] 319.47630 -0.28230
[132] 319.48191 -12.80151
[133] 319.67273 -12.49502
[134] 319.75259 -6.24453
[135] 320.04831 -14.85382
[136] 320.15404 -13.95147
[137] 320.53671 0.27887
[138] 320.61136 -12.25747
[139] 320.66874 -10.92959
[140] 320.91048 -4.74938
[141] 321.14890 0.52408
[142] 321.18611 -19.57090
[143] 321.26158 -0.19488
[144] 321.29566 -2.76303
[145] 321.39780 -8.28595
[146] 321.58984 -6.76279
[147] 321.63208 -7.22104
[148] 321.71218 -12.32174
[149] 321.72240 -18.94439
[150] 321.93246 -1.19725
[151] 322.14984 -16.79517
[152] 322.18518 1.42297
[153] 322.20409 -13.66542
[154] 322.21505 -16.21559
[155] 322.32382 -4.98834
[156] 322.51882 -9.56508
[157] 322.52563 -10.74815
[158] 322.53194 -5.97973
[159] 322.57446 -15.79314
[160] 322.57989 -11.94701
[161] 322.71326 -16.64750
[162] 322.83971 -3.15650
[163] 322.84445 -10.13548
[164] 322.93963 -3.51959
[165] 322.94990 -18.43182
[166] 323.06172 -12.18240
[167] 323.06279 -5.55798
[168] 323.24914 -12.77867
[169] 323.54580 -2.16656
[170] 323.58829 -3.36334
[171] 323.60156 -6.42850
[172] 323.83945 -12.45145
[173] 323.87019 -13.34237
[174] 324.08304 -9.48389
[175] 324.19692 -16.61344
[176] 324.25267 -5.18006
[177] 324.46875 -2.25112
[178] 324.70867 -14.41802
[179] 324.73023 -12.33178
[180] 324.87052 -13.58887
[181] 325.46313 -8.42692
[182] 325.66687 -9.32701
[183] 325.80439 -12.78079
[184] 326.12263 -7.48780
[185] 326.27618 -12.72231
[186] 326.30781 -8.36740
[187] 326.84268 -2.69905
[188] 327.13416 -11.33910
[189] 327.16776 -3.46159
[190] 327.19132 -10.10343
[191] 327.28944 -5.09963
[192] 327.38834 -10.83955
[193] 327.53983 -10.30017
[194] 327.83597 -3.85225
[195] 327.91451 -11.23821
[196] 327.95056 -10.84685
[197] 328.27928 -5.43077
[198] 329.40955 -4.60550
[199] 303.75942 -10.14416
[200] 305.46342 -11.19871
[201] 305.52109 -9.14023
[202] 306.88039 -15.55379
[203] 307.45750 -0.82294
[204] 308.08516 -13.82390
[205] 308.97099 -14.77591
[206] 309.72369 -10.88531
[207] 311.77721 -10.02509
[208] 311.80133 -9.34920
[209] 312.66049 -6.08155
[210] 313.59387 -14.34826
[211] 314.36135 -7.03973
[212] 314.76255 0.87779
[213] 314.96471 -5.97612
[214] 315.26483 -18.93125
[215] 316.15678 -11.21071
[216] 316.89442 -18.44089
[217] 318.34638 3.21990
[218] 318.61569 -16.31775
[219] 319.26370 -2.68297
[220] 319.30157 -3.05192
[221] 323.60860 -17.30896
[222] 324.12261 -5.81890
[223] 325.47743 -14.69095
[224] 326.27114 -10.65119
